$ANSIBLE_VAULT;1.1;AES256
65393937653038353763363235643334343962656435663937656564643837653664656566303234
3561663464656332353934376461373133653866386132380a353966393538613866313233626437
66613638373033336633656163643766333931336334393739366531636464346162396264396331
6564643838613036340a333034656239373763666166656363656439616262336131633866656239
33663464326337613834633133663861373466316638376466306337633935373062326539363266
34646234393831323930663539636332376437303233666530303035323661386666636364376165
33366264363734646565623434326338343062366363656236363662306664396265373436643235
37653138336631303931653934616338373036646636316630626262613962633632653339323662
31613566333462333561313830393330636633323533336539646239623766393538306666383937
62633438663738656139633034616466616637373562343937653431623562303134313063373762
65373934663832626330653435656662303634643366656437343334376133306262643634326337
31636264306332343937393233646537313532363036663462656265396336663965323766353437
63643761383466376363323664666563303136373339396635303330333764306531313439636535
66343762613632653339383232353566363631306261366432656464656138666637353263626334
64343566306533333330616166356162656336363062646430333034663130653530363461386536
33636330326437633061316635633835653036326366373137646639303834363931396634646635
63366333313464363064663132313165303032396265386633626135656532643534353361303334
35366666666237643933356262623161623137393639303036356564633337316231653466313134
37363039366232653038316530316237386235346564306261373161393439363230656235656538
37653364326630653331333839343338363831333163623463376333633238326530656461333437
34386537343133333964633864656234383036373963383531326236333833626535373336666535
63303461313663386266333237623434633239333666313132663366353436643636616238633361
34653766393033336666353366383132666137666666373236656633636161323765653664353833
33313336303465383164393037316436323364386563633462666333613536373136353134656164
62626535653332343563656234326339626133343839313433656532633837653137363961663466
6630383466396530306637386537376266633837336637613734
